PolynomialFunction
0.0,0, 0.0, 0.0, 0.0, 0.0, 0.0
1.0,0, 0.0, na, 0.0, 0.0, 0.0
3.0,0, 0.0, 0.0, 0.0, 0.0, 0.0
6.0,0, 0.0, 0.0, 0.0, 0.0, 0.0
10.0,0, 0.0, 0.0, 0.0, 0.0, 0.0
20.0,0, 0.0, 0.0, 0.0, 0.0, 0.0
100.0,0, 0.0, 0.0, 0.0, 0.0, 0.0
1000.0,0, 0.0, 0.0, 0.0, 0.0, 0.0
0.0,1, 1.86571711705e-16, 1.86571711705e-16, 1.86571711705e-16, na, 1.86571711705e-16
1.0,1, 1.86571711705e-16, 1.86571711705e-16, 1.86571711705e-16, 1.86571711705e-16, 1.86571711705e-16
3.0,1, 1.86571711705e-16, 1.86571711705e-16, 1.86571711705e-16, 1.86571711705e-16, 1.86571711705e-16
6.0,1, 1.86571711705e-16, 1.86571711705e-16, 1.86571711705e-16, 1.86571711705e-16, 1.86571711705e-16
10.0,1, 1.86571711705e-16, 1.86571711705e-16, 1.86571711705e-16, 1.86571711705e-16, 1.86571711705e-16
20.0,1, 1.86571711705e-16, 1.86571711705e-16, 1.86571711705e-16, 1.86571711705e-16, 1.86571711705e-16
100.0,1, 1.86571711705e-16, 1.86571711705e-16, 1.86571711705e-16, 1.86571711705e-16, 1.86571711705e-16
1000.0,1, 1.86571711705e-16, 1.86571711705e-16, 1.86571711705e-16, 1.86571711705e-16, 1.86571711705e-16
0.0,2, 0.000624999964996, 0.000624999565752, 0.000625030073763, 0.00062485655587, 0.000625039488112
1.0,2, 0.000624885227487, na, 0.000624998837441, 0.000625013439423, 0.000624697488337
3.0,2, 0.00060654274034, 0.000625017153955, 0.000624993477328, 0.000624999312323, 0.000624997209873
6.0,2, 0.000625062261681, 0.000624996878281, 0.000625001204949, 0.000625030168828, 0.00062499980165
10.0,2, 0.00062498740697, 0.000624997240153, 0.000624996337602, 0.000624223768441, 0.000625080724924
20.0,2, 0.000625006409085, 0.000624847537664, 0.00062499599942, 0.000625000645504, 0.000625005731011
100.0,2, 0.000625281996892, 0.000624997947419, 0.000624999709535, 0.000625016529383, 0.000625015060909
1000.0,2, 0.000624999457507, 0.000624871958251, 0.000624960084031, 0.00062500049361, 0.000624991438031
0.0,3, 0.00062498070387, 0.000624999532506, 0.000625004019226, 0.000624995284902, 0.000625004752959
1.0,3, 0.000625031507986, 0.00062573584716, 0.000624910317517, 0.000625006010524, 0.00062498489671
3.0,3, 0.000624991294617, 0.000625000425046, 0.000624997065983, 0.00062499745544, 0.00062499556757
6.0,3, 0.000624607735756, 0.000625023565701, 0.00062499959883, 0.000625004182101, 0.000625002439577
10.0,3, 0.000625415303142, na, 0.000625035609884, 0.000625849157203, 0.000624999654953
20.0,3, 0.000624943488844, 0.000623805966111, 0.000626145182351, 0.000624986708634, 0.000625045975417
100.0,3, 0.000624879107196, 0.000624981970115, 0.000624996878411, 0.000624996361052, 0.000625016831266
1000.0,3, 0.000625000396537, 0.000624995373721, 0.00062505776078, 0.000624856508341, 0.000625001318944
0.0,4, 0.000625000446745, 0.000625011856006, 0.000625019335215, 0.000625029854868, 0.000624999697463
1.0,4, 0.000625016619729, 0.00062499542835, 0.000625013210877, 0.000624998353077, 0.000625001182636
3.0,4, 0.000624998980392, 0.000624999616909, 0.00062499613103, 0.000625068301102, 0.000625023056261
6.0,4, 0.00062500320828, 0.000624999361996, 0.000625006467481, 0.00062500556111, 0.000625172696054
10.0,4, 0.000624999573952, 0.000624994740982, 0.000625020630409, 0.000625000405126, 0.000625078366619
20.0,4, 0.00062503006443, 0.000625077610153, 0.000625002165539, 0.000625087797417, 0.000625001174434
100.0,4, 0.000625005504076, 0.00062509220542, 0.000625061104307, 0.000625006829897, 0.000625005156202
1000.0,4, 0.000625000595533, 0.000624998916445, 0.000625001771532, 0.000624999782025, 0.000625028888211
0.0,5, 0.000910426655415, 0.000625404165167, 0.000625020902832, 0.000625149261629, 0.00062499973754
1.0,5, 0.000626151150315, 0.000626957882592, 0.000625104319529, 0.000625002632087, 0.000637167593995
3.0,5, 0.000625195539475, 0.000625005164884, 0.000624999449582, 0.000625155661264, 0.000890323321716
6.0,5, 0.000659422824577, 0.000627166144957, 0.000624996134904, 0.000625509801969, 0.000626659531125
10.0,5, 0.000624996708151, 0.000624999480391, 0.000641219058947, 0.000625011605309, 0.000634214317039
20.0,5, 0.000625000909873, 0.000625297826102, 0.00187927722416, 0.000625026167849, 0.000625053457512
100.0,5, 0.000624998521889, 0.000625828572014, 0.000625000649988, 0.000625410105491, 0.000625000547826
1000.0,5, 0.000624996728697, 0.000625005305549, 0.000624998041693, 0.0011943678308, 0.000625031974841
0.0,6, 0.000635781619486, 0.000637245357674, 0.000634212225459, 0.00111497432375, 0.000630072462165
1.0,6, 0.000851965999278, 0.000853610891665, 0.00105924989107, 0.000908760896723, 0.000627023856955
3.0,6, 0.000956462228514, 0.000922177903679, 0.000749585892751, 0.000642698116831, 0.000943777898953
6.0,6, 0.000665015962703, 0.00106264089851, 0.00415891488542, 0.000652143398926, 0.00111159943368
10.0,6, 0.000871253159941, 0.000751191305808, 0.00362090350073, 0.00188149031172, 0.00074062088448
20.0,6, 0.000795945587313, 0.000739324297733, 0.000656780731422, 0.000650499757477, 0.000638310008002
100.0,6, 0.00074971295928, 0.00130451145438, 0.00151962819991, 0.000723218886164, 0.000764946214365
1000.0,6, 0.000711026425948, 0.000748100621422, 0.00111826165296, 0.00107430015773, 0.000779680712153
0.0,7, 0.000902783994143, 0.00249793468396, 0.00258855076703, 0.00277264091628, 0.000971358121554
1.0,7, 0.00459044703159, 0.0014456244678, 0.00119421694213, 0.0164631601837, 0.000793249122356
3.0,7, 0.000671674432364, 0.00122983107552, 0.00108657969656, 0.00347677923618, 0.000643008237064
6.0,7, 0.000714081557926, 0.00139901808194, 0.00614668778701, 0.00097305306259, 0.00342584861678
10.0,7, 0.00365707328, 0.00525804284754, 0.000656217930751, 0.00339205550185, 0.000745790581737
20.0,7, 0.00607708869923, 0.00240269416887, 0.0100240313209, 0.00164288368219, 0.00254028864964
100.0,7, 0.00775845755964, 0.00165073586523, 0.00195020804927, 0.00135610177624, 0.00197926115954
1000.0,7, 0.00135249424142, 0.00155583336427, 0.000775122118328, 0.000731978025516, 0.00122472293786
0.0,8, 0.00106410435157, 0.00496532450096, 0.000675999026843, 0.00182252990488, 0.000846512794956
1.0,8, 0.00432397558783, 0.00171596855217, 0.00162121929502, 0.000882571043424, 0.000772213575514
3.0,8, 0.00143598891658, 0.00349333574711, 0.000917416226278, 0.000642892063155, 0.00131635061986
6.0,8, 0.0113589181763, 0.00133452297535, 0.000647855715783, 0.00259027586932, 0.00158182765131
10.0,8, 0.00186676980483, 0.00638377071584, 0.00199464073297, 0.000777081315523, 0.00205306150491
20.0,8, 0.00109642287056, 0.00288166695831, 0.0026483325887, 0.00159457673907, 0.000650694230768
100.0,8, na, 0.0012804969429, 0.0023992299931, 0.000683351288809, 0.00144123480867
1000.0,8, 0.00234929597669, 0.00107851681625, 0.000692355360679, 0.000779397143605, 0.000655020411893
0.0,9, na, 0.00474198233923, 0.0105220631516, 0.0143958750353, 0.00689739158476
1.0,9, 0.00696886921921, 0.0356808629239, na, na, 0.0339096154526
3.0,9, 0.0216174111971, 0.0102247728494, 0.000792686691882, 0.00672999182887, 0.000704901545398
6.0,9, 0.00212919896141, 0.0350693444367, 0.0153052223363, 0.00135248772335, 0.00908301332541
10.0,9, 0.0025234325924, 0.0114410741539, na, 0.00202168342064, 0.0180727133525
20.0,9, na, 0.00580840919236, 0.00676198664421, 0.00482201713803, na
100.0,9, 0.00409216632497, 0.0102481785192, na, 0.0274175010753, na
1000.0,9, 0.0194808465092, 0.00439997027025, 0.00295887856115, 0.0421455454387, 0.00560755049085
GaussianDistributionPeriodicFunction
0.0,0, na, na, na, na, na
1.0,0, na, na, na, 0.0442120976989, 0.0222563445835
3.0,0, na, na, na, na, 0.00110707836952
6.0,0, 0.0102097366125, 0.020828939032, 0.00898753290697, 0.00787189558271, 0.0206337529521
10.0,0, 0.0406149208567, 0.0113401805229, 0.0318260891236, 0.00725560872357, 0.00910132681441
20.0,0, 0.0158794043323, na, 0.0215866932591, na, 0.0190869528504
100.0,0, 0.0205900100103, 0.0061700698191, 0.00888317380131, 0.00619296045742, na
1000.0,0, 0.0327825116846, 0.0176600944964, na, 0.0204811064917, na
0.0,1, na, na, na, 0.023921088616, na
1.0,1, na, na, 0.0252967912018, na, 0.0289386626662
3.0,1, 0.0457583759421, 0.0226719886569, na, na, na
6.0,1, na, 0.0357971745225, na, 0.0504479599221, na
10.0,1, na, 0.00870072762462, na, na, na
20.0,1, na, na, 0.014561751996, 0.0370301856955, 0.0481761599521
100.0,1, 0.0251794220345, na, 0.0349734742086, 0.0319195862535, na
1000.0,1, 0.0036600146699, 0.0160203195447, na, na, na
0.0,2, na, na, na, na, na
1.0,2, na, na, na, na, na
3.0,2, na, na, na, na, na
6.0,2, na, na, na, na, na
10.0,2, na, na, na, na, na
20.0,2, na, na, na, na, na
100.0,2, na, na, na, na, na
1000.0,2, na, na, na, na, na
GaussianDistributionFunction
0.0,0, na, na, na, na, na
1.0,0, na, na, na, na, na
3.0,0, na, na, na, na, na
6.0,0, na, na, na, na, na
10.0,0, na, na, na, na, na
20.0,0, na, na, na, na, na
100.0,0, na, na, na, na, na
1000.0,0, na, na, na, na, na
0.0,1, na, na, na, na, na
1.0,1, na, na, na, na, na
3.0,1, na, na, na, na, na
6.0,1, na, na, na, na, na
10.0,1, na, na, na, na, na
20.0,1, na, na, na, na, na
100.0,1, na, na, na, na, na
1000.0,1, na, na, na, na, na
0.0,2, na, na, na, na, na
1.0,2, na, na, na, na, na
3.0,2, na, na, na, na, na
6.0,2, na, na, na, na, na
10.0,2, na, na, na, na, na
20.0,2, na, na, na, na, na
100.0,2, na, na, na, na, na
1000.0,2, na, na, na, na, na
0.0,3, na, 0.0165415900733, na, 0.0368748490584, 0.0346365415116
1.0,3, 0.00276178410519, 0.0223798825825, na, na, 0.00727303452269
3.0,3, na, 0.0293293275583, na, na, 0.0435130066865
6.0,3, 0.00224031881757, 0.00196678251285, 0.0370354400113, na, 0.00951165087907
10.0,3, 0.050394863, 0.0232034955343, na, 0.0254333237618, 0.013554281436
20.0,3, 0.00628482694782, na, 0.00946894504472, 0.0378336961698, 0.036319645707
100.0,3, na, na, 0.0457411275357, na, 0.00676354526988
1000.0,3, 0.0102553306938, 0.0275194096038, 0.00327002664708, na, 0.0106505883318
NonDifferentiableFunction
0.0,0, 0.0081924742489, 0.00304166734732, 0.00367130301331, 0.0156056213101, 0.00727454677238
1.0,0, 0.00253398864124, 0.0166883915712, 0.0225073407273, 0.00948911579021, 0.00448554746042
3.0,0, 0.00722885046974, 0.00118700128435, 0.0202264050815, 0.0127396859586, 0.00531829601302
6.0,0, 0.00267018301641, 0.00344580887622, 0.00451196918675, 0.00305045684304, 0.00951628755877
10.0,0, 0.012314127062, 0.00868061564232, 0.0320446357638, 0.00624146691603, na
20.0,0, 0.0267021815903, 0.00891383526329, 0.0036839417916, 0.00242271339718, 0.00380027921834
100.0,0, 0.00360976481593, 0.0316093757046, 0.00783189778595, 0.0331502702908, 0.00260262002227
1000.0,0, 0.0188631343969, 0.00108515087456, 0.00298625323892, 0.00713615831096, 0.00189931807004
0.0,1, 0.00745060107454, 0.0163964526656, 0.00573214715682, 0.00071695764218, 0.00469937136733
1.0,1, 0.00295704394435, 0.00230847752215, 0.00139891303683, 0.0013281597045, 0.00535851223446
3.0,1, 0.00404010126112, 0.00374271909871, 0.00816360493781, 0.00703333889056, 0.00832170151828
6.0,1, 0.0019660859194, 0.00118429659118, 0.00427350145531, 0.000740189718392, 0.00383197361183
10.0,1, 0.00200749178031, 0.000933277313298, na, 0.000859401179959, 0.00194703396915
20.0,1, 0.00108794938895, 0.00291755910132, 0.00194069344277, 0.000708606318311, 0.00089966569672
100.0,1, 0.00140277365786, 0.00103386693551, 0.00188028329047, 0.00654174030173, 0.00249497068044
1000.0,1, 0.00181536239777, 0.00301625885271, 0.00135000899566, 0.00290128668797, 0.00142086648643
0.0,2, 0.000930862213258, 0.00614745623762, 0.00822780474266, 0.0028149104813, 0.00247460816682
1.0,2, 0.00124763182466, 0.00105621783242, 0.00136768365111, 0.0138452217935, 0.00173114465798
3.0,2, na, 0.000913052238668, 0.00265692411025, 0.00654024732368, 0.00947755626137
6.0,2, 0.00231275163844, 0.00223159704365, 0.00735897851702, 0.00105619281081, 0.0211683871964
10.0,2, 0.00116273059408, 0.00261960565593, 0.0187972989681, 0.0009580505672, 0.00222397621895
20.0,2, 0.00131842124382, 0.00128405204519, 0.00468986955856, 0.000861002068915, 0.00116175410131
100.0,2, 0.00943533221241, 0.00145495918629, 0.00133656776572, 0.00250944004571, 0.00125617998176
1000.0,2, 0.00084973859412, 0.00618706187555, 0.000772683113807, 0.00589822553816, 0.00221931227409
0.0,3, na, na, na, na, na
1.0,3, na, na, na, na, na
3.0,3, na, na, na, na, na
6.0,3, na, na, na, na, na
10.0,3, na, na, na, na, na
20.0,3, na, na, na, na, na
100.0,3, na, na, na, na, na
1000.0,3, na, na, na, na, na
